((("m_s" .
   [1 0 0])
  ("v" .
   [1])
  ("m_v" .
   [2 0 0])
  ("m_ui" .
   [2 0 0 0])
  ("m_f" .
   [3 0 0])
  ("m_i" .
   [1 0 0])
  ("ui" .
   [2 0])
  ("action" .
   [1 0 0 0 0 0])
  ("a" .
   [1])
  ("c" .
   [1])
  ("tab-width" .
   [2 0 0 0 0 0 0 0 0])
  ("setq" .
   [1 0 0 0])
  ("variant" .
   [2 0 0 0 2 0 0])
  ("std" .
   [10 0 0])
  ("Arg" .
   [2 0 0])
  ("package-initialize" .
   [0 0 0 0 0 0 0 0 0 0 0 0 0 0 0 0 0 1])
  ("string" .
   [8 0 0 0 0 0])
  ("defvaralias" .
   [1 0 0 0 0 0 0 0 0 0 0])
  ("c-basic-offset" .
   [1 0 0 0 0 0 0 0 0 0 0 0 0 0])
  ("cperl-indent-level" .
   [0 0 0 1 0 0 0 0 0 0 0 0 0 0 0 0 0 0])))
